7.500000000000000000e-01 1.111111111111111049e-01 0.000000000000000000e+00 1.388888888888888812e-02 0.000000000000000000e+00 0.000000000000000000e+00 0.000000000000000000e+00 0.000000000000000000e+00 0.000000000000000000e+00 0.000000000000000000e+00 0.000000000000000000e+00 0.000000000000000000e+00 0.000000000000000000e+00
2.500000000000000000e-01 3.333333333333333148e-01 1.136363636363636326e-01 2.777777777777777624e-02 1.574803149606299191e-02 0.000000000000000000e+00 0.000000000000000000e+00 0.000000000000000000e+00 0.000000000000000000e+00 0.000000000000000000e+00 0.000000000000000000e+00 0.000000000000000000e+00 0.000000000000000000e+00
0.000000000000000000e+00 2.777777777777777901e-01 3.181818181818181768e-01 1.388888888888888951e-01 1.102362204724409434e-01 4.216867469879517771e-02 1.226993865030674875e-02 8.130081300813008990e-03 0.000000000000000000e+00 0.000000000000000000e+00 1.754385964912280604e-02 0.000000000000000000e+00 0.000000000000000000e+00
0.000000000000000000e+00 1.666666666666666574e-01 2.500000000000000000e-01 2.361111111111111049e-01 1.417322834645669272e-01 7.228915662650602092e-02 3.680981595092024800e-02 4.065040650406503975e-02 9.174311926605505096e-03 1.000000000000000021e-02 0.000000000000000000e+00 0.000000000000000000e+00 2.439024390243902524e-02
0.000000000000000000e+00 1.111111111111111049e-01 2.272727272727272652e-01 2.361111111111111049e-01 2.834645669291338543e-01 2.289156626506023973e-01 1.349693251533742311e-01 1.300813008130081438e-01 4.587155963302752548e-02 1.000000000000000021e-02 3.508771929824561209e-02 0.000000000000000000e+00 0.000000000000000000e+00
0.000000000000000000e+00 0.000000000000000000e+00 6.818181818181817677e-02 2.083333333333333426e-01 2.283464566929133965e-01 2.891566265060240837e-01 1.595092024539877251e-01 1.869918699186991773e-01 1.467889908256880815e-01 5.000000000000000278e-02 8.771929824561403022e-02 0.000000000000000000e+00 2.439024390243902524e-02
0.000000000000000000e+00 0.000000000000000000e+00 2.272727272727272790e-02 1.111111111111111049e-01 1.417322834645669272e-01 1.746987951807228989e-01 2.699386503067484622e-01 2.032520325203251987e-01 2.018348623853211121e-01 8.999999999999999667e-02 7.017543859649122417e-02 1.071428571428571369e-01 2.439024390243902524e-02
0.000000000000000000e+00 0.000000000000000000e+00 0.000000000000000000e+00 2.777777777777777624e-02 6.299212598425196763e-02 1.265060240963855331e-01 2.024539877300613466e-01 1.707317073170731836e-01 2.018348623853211121e-01 1.400000000000000133e-01 1.403508771929824483e-01 1.785714285714285754e-01 4.878048780487805047e-02
0.000000000000000000e+00 0.000000000000000000e+00 0.000000000000000000e+00 0.000000000000000000e+00 1.574803149606299191e-02 5.421686746987951916e-02 1.104294478527607370e-01 1.138211382113821085e-01 1.192660550458715663e-01 1.499999999999999944e-01 1.578947368421052544e-01 2.142857142857142738e-01 1.219512195121951192e-01
0.000000000000000000e+00 0.000000000000000000e+00 0.000000000000000000e+00 0.000000000000000000e+00 0.000000000000000000e+00 1.204819277108433798e-02 4.907975460122699501e-02 1.138211382113821085e-01 1.376146788990825764e-01 1.700000000000000122e-01 1.403508771929824483e-01 2.142857142857142738e-01 1.707317073170731836e-01
0.000000000000000000e+00 0.000000000000000000e+00 0.000000000000000000e+00 0.000000000000000000e+00 0.000000000000000000e+00 0.000000000000000000e+00 1.840490797546012400e-02 2.439024390243902524e-02 1.009174311926605561e-01 8.000000000000000167e-02 5.263157894736841813e-02 1.071428571428571369e-01 1.219512195121951192e-01
0.000000000000000000e+00 0.000000000000000000e+00 0.000000000000000000e+00 0.000000000000000000e+00 0.000000000000000000e+00 0.000000000000000000e+00 0.000000000000000000e+00 8.130081300813008990e-03 2.752293577981651529e-02 1.000000000000000021e-02 3.508771929824561209e-02 7.142857142857142461e-02 9.756097560975610095e-02
0.000000000000000000e+00 0.000000000000000000e+00 0.000000000000000000e+00 0.000000000000000000e+00 0.000000000000000000e+00 0.000000000000000000e+00 6.134969325153374377e-03 0.000000000000000000e+00 9.174311926605505096e-03 1.000000000000000021e-02 1.754385964912280604e-02 1.071428571428571369e-01 2.439024390243902524e-02
0.000000000000000000e+00 0.000000000000000000e+00 0.000000000000000000e+00 0.000000000000000000e+00 0.000000000000000000e+00 0.000000000000000000e+00 0.000000000000000000e+00 0.000000000000000000e+00 0.000000000000000000e+00 2.800000000000000266e-01 2.456140350877192846e-01 0.000000000000000000e+00 3.414634146341463672e-01
